10.8244871801 10.5045825853 9.1514672046 8.7366892105 8.2814067420 7.9766703375 8.0071983715 6.8446512066 7.4877337614 6.3207983669 7.4756288123 6.7961729167 5.9395045843 6.9178409385 7.0109725154 1.9462793909 6.6411821697 1.9462793909 7.0109725154 6.9178409385 5.9395045843 6.7961729167 7.4756288123 6.3207983669 7.4877337614 6.8446512066 8.0071983715 7.9766703375 8.2814067420 8.7366892105 9.1514672046 10.5045825853
10.5045825853 10.1442795317 8.3680642210 8.7967451711 8.0287096998 7.9520244467 7.6952536421 7.2408117910 7.4323189114 6.2820243818 7.0289000279 5.2414040935 6.5429788645 5.4529335857 6.5312627737 4.9798041743 6.6747228615 4.9798041743 6.5312627737 5.4529335857 6.5429788645 5.2414040935 7.0289000279 6.2820243818 7.4323189114 7.2408117910 7.6952536421 7.9520244467 8.0287096998 8.7967451711 8.3680642210 10.1442795317
9.1514672046 8.3680642210 8.3429749379 8.6341404451 6.0218654997 7.9121784797 6.2085126779 7.6123079905 6.8847413963 6.8678928467 5.7921982296 7.4195675816 7.5930553182 6.3484492667 5.7616531123 5.0586869099 6.4713211959 5.0586869099 5.7616531123 6.3484492667 7.5930553182 7.4195675816 5.7921982296 6.8678928467 6.8847413963 7.6123079905 6.2085126779 7.9121784797 6.0218654997 8.6341404451 8.3429749379 8.3680642210
8.7366892105 8.7967451711 8.6341404451 7.2264863752 7.8893385497 7.7046070176 6.9051080408 7.5234336292 6.0143634058 7.5130394618 6.0642842883 7.2115463673 7.0037894944 5.7097413814 6.6656237444 4.7611057954 5.9189679363 4.7611057954 6.6656237444 5.7097413814 7.0037894944 7.2115463673 6.0642842883 7.5130394618 6.0143634058 7.5234336292 6.9051080408 7.7046070176 7.8893385497 7.2264863752 8.6341404451 8.7967451711
8.2814067420 8.0287096998 6.0218654997 7.8893385497 8.0797722410 6.3715635794 7.5080655359 6.9220221545 7.1514854639 7.4192813350 5.6790942568 5.3864980716 6.6411821697 7.2925311834 6.8269216300 3.9156644254 6.1468621281 3.9156644254 6.8269216300 7.2925311834 6.6411821697 5.3864980716 5.6790942568 7.4192813350 7.1514854639 6.9220221545 7.5080655359 6.3715635794 8.0797722410 7.8893385497 6.0218654997 8.0287096998
7.9766703375 7.9520244467 7.9121784797 7.7046070176 6.3715635794 7.2319065210 7.3766299337 3.7803366678 6.8837552466 4.1377063417 6.9095035385 4.5058369376 7.0724925978 6.7606505216 5.5763343944 6.4204344256 6.1950750308 6.4204344256 5.5763343944 6.7606505216 7.0724925978 4.5058369376 6.9095035385 4.1377063417 6.8837552466 3.7803366678 7.3766299337 7.2319065210 6.3715635794 7.7046070176 7.9121784797 7.9520244467
8.0071983715 7.6952536421 6.2085126779 6.9051080408 7.5080655359 7.3766299337 5.0245816082 7.0529657882 6.1468621281 7.2946756917 7.5217907299 5.5073602252 6.2766623070 6.5909703175 7.3517880547 5.8726725457 6.5343077776 5.8726725457 7.3517880547 6.5909703175 6.2766623070 5.5073602252 7.5217907299 7.2946756917 6.1468621281 7.0529657882 5.0245816082 7.3766299337 7.5080655359 6.9051080408 6.2085126779 7.6952536421
6.8446512066 7.2408117910 7.6123079905 7.5234336292 6.9220221545 3.7803366678 7.0529657882 7.3535752502 6.0669923812 6.9919153632 6.7225324214 6.5480853921 6.4846412802 7.0947093527 7.3697871042 6.6204169849 7.7794947046 6.6204169849 7.3697871042 7.0947093527 6.4846412802 6.5480853921 6.7225324214 6.9919153632 6.0669923812 7.3535752502 7.0529657882 3.7803366678 6.9220221545 7.5234336292 7.6123079905 7.2408117910
7.4877337614 7.4323189114 6.8847413963 6.0143634058 7.1514854639 6.8837552466 6.1468621281 6.0669923812 5.5451774445 4.5065667086 6.1468621281 7.3712738398 7.1514854639 6.2358029473 6.8847413963 6.8313626778 7.7389237574 6.8313626778 6.8847413963 6.2358029473 7.1514854639 7.3712738398 6.1468621281 4.5065667086 5.5451774445 6.0669923812 6.1468621281 6.8837552466 7.1514854639 6.0143634058 6.8847413963 7.4323189114
6.3207983669 6.2820243818 6.8678928467 7.5130394618 7.4192813350 4.1377063417 7.2946756917 6.9919153632 4.5065667086 4.0376163239 2.1071615670 6.4454850704 6.8420655099 4.4527226376 6.5505299243 5.7442841582 5.1640818438 5.7442841582 6.5505299243 4.4527226376 6.8420655099 6.4454850704 2.1071615670 4.0376163239 4.5065667086 6.9919153632 7.2946756917 4.1377063417 7.4192813350 7.5130394618 6.8678928467 6.2820243818
7.4756288123 7.0289000279 5.7921982296 6.0642842883 5.6790942568 6.9095035385 7.5217907299 6.7225324214 6.1468621281 2.1071615670 7.1358040973 7.0744573382 3.0914973987 5.9775673427 5.6549865596 6.8953144902 7.0887068337 6.8953144902 5.6549865596 5.9775673427 3.0914973987 7.0744573382 7.1358040973 2.1071615670 6.1468621281 6.7225324214 7.5217907299 6.9095035385 5.6790942568 6.0642842883 5.7921982296 7.0289000279
6.7961729167 5.2414040935 7.4195675816 7.2115463673 5.3864980716 4.5058369376 5.5073602252 6.5480853921 7.3712738398 6.4454850704 7.0744573382 7.2910847013 5.2319651282 6.6035845193 6.2324723254 4.0301595451 5.6165554584 4.0301595451 6.2324723254 6.6035845193 5.2319651282 7.2910847013 7.0744573382 6.4454850704 7.3712738398 6.5480853921 5.5073602252 4.5058369376 5.3864980716 7.2115463673 7.4195675816 5.2414040935
5.9395045843 6.5429788645 7.5930553182 7.0037894944 6.6411821697 7.0724925978 6.2766623070 6.4846412802 7.1514854639 6.8420655099 3.0914973987 5.2319651282 5.8391934184 6.2754612915 6.1189055370 6.5826188154 6.8847413963 6.5826188154 6.1189055370 6.2754612915 5.8391934184 5.2319651282 3.0914973987 6.8420655099 7.1514854639 6.4846412802 6.2766623070 7.0724925978 6.6411821697 7.0037894944 7.5930553182 6.5429788645
6.9178409385 5.4529335857 6.3484492667 5.7097413814 7.2925311834 6.7606505216 6.5909703175 7.0947093527 6.2358029473 4.4527226376 5.9775673427 6.6035845193 6.2754612915 6.0546201668 6.7177719792 3.4794654462 6.5691990031 3.4794654462 6.7177719792 6.0546201668 6.2754612915 6.6035845193 5.9775673427 4.4527226376 6.2358029473 7.0947093527 6.5909703175 6.7606505216 7.2925311834 5.7097413814 6.3484492667 5.4529335857
7.0109725154 6.5312627737 5.7616531123 6.6656237444 6.8269216300 5.5763343944 7.3517880547 7.3697871042 6.8847413963 6.5505299243 5.6549865596 6.2324723254 6.1189055370 6.7177719792 7.3364023640 6.4680779071 4.9151305028 6.4680779071 7.3364023640 6.7177719792 6.1189055370 6.2324723254 5.6549865596 6.5505299243 6.8847413963 7.3697871042 7.3517880547 5.5763343944 6.8269216300 6.6656237444 5.7616531123 6.5312627737
1.9462793909 4.9798041743 5.0586869099 4.7611057954 3.9156644254 6.4204344256 5.8726725457 6.6204169849 6.8313626778 5.7442841582 6.8953144902 4.0301595451 6.5826188154 3.4794654462 6.4680779071 3.3281894564 6.5376803651 3.3281894564 6.4680779071 3.4794654462 6.5826188154 4.0301595451 6.8953144902 5.7442841582 6.8313626778 6.6204169849 5.8726725457 6.4204344256 3.9156644254 4.7611057954 5.0586869099 4.9798041743
6.6411821697 6.6747228615 6.4713211959 5.9189679363 6.1468621281 6.1950750308 6.5343077776 7.7794947046 7.7389237574 5.1640818438 7.0887068337 5.6165554584 6.8847413963 6.5691990031 4.9151305028 6.5376803651 7.1514854639 6.5376803651 4.9151305028 6.5691990031 6.8847413963 5.6165554584 7.0887068337 5.1640818438 7.7389237574 7.7794947046 6.5343077776 6.1950750308 6.1468621281 5.9189679363 6.4713211959 6.6747228615
1.9462793909 4.9798041743 5.0586869099 4.7611057954 3.9156644254 6.4204344256 5.8726725457 6.6204169849 6.8313626778 5.7442841582 6.8953144902 4.0301595451 6.5826188154 3.4794654462 6.4680779071 3.3281894564 6.5376803651 3.3281894564 6.4680779071 3.4794654462 6.5826188154 4.0301595451 6.8953144902 5.7442841582 6.8313626778 6.6204169849 5.8726725457 6.4204344256 3.9156644254 4.7611057954 5.0586869099 4.9798041743
7.0109725154 6.5312627737 5.7616531123 6.6656237444 6.8269216300 5.5763343944 7.3517880547 7.3697871042 6.8847413963 6.5505299243 5.6549865596 6.2324723254 6.1189055370 6.7177719792 7.3364023640 6.4680779071 4.9151305028 6.4680779071 7.3364023640 6.7177719792 6.1189055370 6.2324723254 5.6549865596 6.5505299243 6.8847413963 7.3697871042 7.3517880547 5.5763343944 6.8269216300 6.6656237444 5.7616531123 6.5312627737
6.9178409385 5.4529335857 6.3484492667 5.7097413814 7.2925311834 6.7606505216 6.5909703175 7.0947093527 6.2358029473 4.4527226376 5.9775673427 6.6035845193 6.2754612915 6.0546201668 6.7177719792 3.4794654462 6.5691990031 3.4794654462 6.7177719792 6.0546201668 6.2754612915 6.6035845193 5.9775673427 4.4527226376 6.2358029473 7.0947093527 6.5909703175 6.7606505216 7.2925311834 5.7097413814 6.3484492667 5.4529335857
5.9395045843 6.5429788645 7.5930553182 7.0037894944 6.6411821697 7.0724925978 6.2766623070 6.4846412802 7.1514854639 6.8420655099 3.0914973987 5.2319651282 5.8391934184 6.2754612915 6.1189055370 6.5826188154 6.8847413963 6.5826188154 6.1189055370 6.2754612915 5.8391934184 5.2319651282 3.0914973987 6.8420655099 7.1514854639 6.4846412802 6.2766623070 7.0724925978 6.6411821697 7.0037894944 7.5930553182 6.5429788645
6.7961729167 5.2414040935 7.4195675816 7.2115463673 5.3864980716 4.5058369376 5.5073602252 6.5480853921 7.3712738398 6.4454850704 7.0744573382 7.2910847013 5.2319651282 6.6035845193 6.2324723254 4.0301595451 5.6165554584 4.0301595451 6.2324723254 6.6035845193 5.2319651282 7.2910847013 7.0744573382 6.4454850704 7.3712738398 6.5480853921 5.5073602252 4.5058369376 5.3864980716 7.2115463673 7.4195675816 5.2414040935
7.4756288123 7.0289000279 5.7921982296 6.0642842883 5.6790942568 6.9095035385 7.5217907299 6.7225324214 6.1468621281 2.1071615670 7.1358040973 7.0744573382 3.0914973987 5.9775673427 5.6549865596 6.8953144902 7.0887068337 6.8953144902 5.6549865596 5.9775673427 3.0914973987 7.0744573382 7.1358040973 2.1071615670 6.1468621281 6.7225324214 7.5217907299 6.9095035385 5.6790942568 6.0642842883 5.7921982296 7.0289000279
6.3207983669 6.2820243818 6.8678928467 7.5130394618 7.4192813350 4.1377063417 7.2946756917 6.9919153632 4.5065667086 4.0376163239 2.1071615670 6.4454850704 6.8420655099 4.4527226376 6.5505299243 5.7442841582 5.1640818438 5.7442841582 6.5505299243 4.4527226376 6.8420655099 6.4454850704 2.1071615670 4.0376163239 4.5065667086 6.9919153632 7.2946756917 4.1377063417 7.4192813350 7.5130394618 6.8678928467 6.2820243818
7.4877337614 7.4323189114 6.8847413963 6.0143634058 7.1514854639 6.8837552466 6.1468621281 6.0669923812 5.5451774445 4.5065667086 6.1468621281 7.3712738398 7.1514854639 6.2358029473 6.8847413963 6.8313626778 7.7389237574 6.8313626778 6.8847413963 6.2358029473 7.1514854639 7.3712738398 6.1468621281 4.5065667086 5.5451774445 6.0669923812 6.1468621281 6.8837552466 7.1514854639 6.0143634058 6.8847413963 7.4323189114
6.8446512066 7.2408117910 7.6123079905 7.5234336292 6.9220221545 3.7803366678 7.0529657882 7.3535752502 6.0669923812 6.9919153632 6.7225324214 6.5480853921 6.4846412802 7.0947093527 7.3697871042 6.6204169849 7.7794947046 6.6204169849 7.3697871042 7.0947093527 6.4846412802 6.5480853921 6.7225324214 6.9919153632 6.0669923812 7.3535752502 7.0529657882 3.7803366678 6.9220221545 7.5234336292 7.6123079905 7.2408117910
8.0071983715 7.6952536421 6.2085126779 6.9051080408 7.5080655359 7.3766299337 5.0245816082 7.0529657882 6.1468621281 7.2946756917 7.5217907299 5.5073602252 6.2766623070 6.5909703175 7.3517880547 5.8726725457 6.5343077776 5.8726725457 7.3517880547 6.5909703175 6.2766623070 5.5073602252 7.5217907299 7.2946756917 6.1468621281 7.0529657882 5.0245816082 7.3766299337 7.5080655359 6.9051080408 6.2085126779 7.6952536421
7.9766703375 7.9520244467 7.9121784797 7.7046070176 6.3715635794 7.2319065210 7.3766299337 3.7803366678 6.8837552466 4.1377063417 6.9095035385 4.5058369376 7.0724925978 6.7606505216 5.5763343944 6.4204344256 6.1950750308 6.4204344256 5.5763343944 6.7606505216 7.0724925978 4.5058369376 6.9095035385 4.1377063417 6.8837552466 3.7803366678 7.3766299337 7.2319065210 6.3715635794 7.7046070176 7.9121784797 7.9520244467
8.2814067420 8.0287096998 6.0218654997 7.8893385497 8.0797722410 6.3715635794 7.5080655359 6.9220221545 7.1514854639 7.4192813350 5.6790942568 5.3864980716 6.6411821697 7.2925311834 6.8269216300 3.9156644254 6.1468621281 3.9156644254 6.8269216300 7.2925311834 6.6411821697 5.3864980716 5.6790942568 7.4192813350 7.1514854639 6.9220221545 7.5080655359 6.3715635794 8.0797722410 7.8893385497 6.0218654997 8.0287096998
8.7366892105 8.7967451711 8.6341404451 7.2264863752 7.8893385497 7.7046070176 6.9051080408 7.5234336292 6.0143634058 7.5130394618 6.0642842883 7.2115463673 7.0037894944 5.7097413814 6.6656237444 4.7611057954 5.9189679363 4.7611057954 6.6656237444 5.7097413814 7.0037894944 7.2115463673 6.0642842883 7.5130394618 6.0143634058 7.5234336292 6.9051080408 7.7046070176 7.8893385497 7.2264863752 8.6341404451 8.7967451711
9.1514672046 8.3680642210 8.3429749379 8.6341404451 6.0218654997 7.9121784797 6.2085126779 7.6123079905 6.8847413963 6.8678928467 5.7921982296 7.4195675816 7.5930553182 6.3484492667 5.7616531123 5.0586869099 6.4713211959 5.0586869099 5.7616531123 6.3484492667 7.5930553182 7.4195675816 5.7921982296 6.8678928467 6.8847413963 7.6123079905 6.2085126779 7.9121784797 6.0218654997 8.6341404451 8.3429749379 8.3680642210
10.5045825853 10.1442795317 8.3680642210 8.7967451711 8.0287096998 7.9520244467 7.6952536421 7.2408117910 7.4323189114 6.2820243818 7.0289000279 5.2414040935 6.5429788645 5.4529335857 6.5312627737 4.9798041743 6.6747228615 4.9798041743 6.5312627737 5.4529335857 6.5429788645 5.2414040935 7.0289000279 6.2820243818 7.4323189114 7.2408117910 7.6952536421 7.9520244467 8.0287096998 8.7967451711 8.3680642210 10.1442795317
