203235.0000000000 147103.4585870683 37389.0983379492 24861.2242092159 15107.1697313965 10499.0318345679 8255.4896707468 6494.5609554358 5988.7467504308 4026.8418569179 4369.2508332791 2668.6988046673 2807.6497935226 3248.9897861890 4173.5398874021 503.1379107119 1785.0000000000 1457.7840367505 2209.8869060669 591.8081953613 1112.3588719952 1462.2370524049 1752.2948750659 1064.7198552831 1661.2532495692 1319.5805830218 2817.9862847026 798.0873199546 352.8216030857 1538.5022006179 2272.4532047873 630.3633268176 2805.0000000000 630.3633268176 2272.4532047873 1538.5022006179 352.8216030857 798.0873199546 2817.9862847026 1319.5805830218 1661.2532495692 1064.7198552831 1752.2948750659 1462.2370524049 1112.3588719952 591.8081953613 2209.8869060669 1457.7840367505 1785.0000000000 503.1379107119 4173.5398874021 3248.9897861890 2807.6497935226 2668.6988046673 4369.2508332791 4026.8418569179 5988.7467504308 6494.5609554358 8255.4896707468 10499.0318345679 15107.1697313965 24861.2242092159 37389.0983379492 147103.4585870683
147103.4585870683 101992.8423884329 16266.7887117186 26608.4091689515 10981.8516228623 11892.3594400266 7203.2313820623 6865.0995366243 5223.4943156174 4447.9363709745 3962.3788671968 3218.1810696398 3275.5488034773 2391.4709160752 2863.1949445666 1652.6834959217 2349.5646860988 1239.7585630561 1908.0645385719 1095.8196161312 1660.6613852433 1074.9616382872 1636.9607171970 1022.1422843362 1803.2898863772 708.1534467849 1772.9046283890 448.8649234062 1608.6367195336 503.4283537654 1831.6301652716 289.4031124443 2087.0558387008 289.4031124443 1831.6301652716 503.4283537654 1608.6367195336 448.8649234062 1772.9046283890 708.1534467849 1803.2898863772 1022.1422843362 1636.9607171970 1074.9616382872 1660.6613852433 1095.8196161312 1908.0645385719 1239.7585630561 2349.5646860988 1652.6834959217 2863.1949445666 2391.4709160752 3275.5488034773 3218.1810696398 3962.3788671968 4447.9363709745 5223.4943156174 6865.0995366243 7203.2313820623 11892.3594400266 10981.8516228623 26608.4091689515 16266.7887117186 101992.8423884329
37389.0983379492 16266.7887117186 18498.5166392553 23215.8126148374 162.3060960851 13424.3874961539 3435.5556460467 7701.5262195560 3069.3458062330 5359.6662375208 2899.8632124254 3998.4853777104 3267.3746960344 1663.4039618061 1040.0383798888 3162.4895964843 2692.8292200287 1375.4536051780 1657.5958888628 1761.0550678894 2368.2071266552 605.6507231463 1602.9040796699 708.0131832745 1712.7133118447 58.3944243488 538.2307387082 1811.7265872363 2993.1445179165 821.2576662839 1204.3286936536 346.6211533995 777.2567883538 346.6211533995 1204.3286936536 821.2576662838 2993.1445179165 1811.7265872363 538.2307387082 58.3944243488 1712.7133118447 708.0131832745 1602.9040796699 605.6507231463 2368.2071266552 1761.0550678894 1657.5958888628 1375.4536051780 2692.8292200287 3162.4895964843 1040.0383798888 1663.4039618061 3267.3746960344 3998.4853777104 2899.8632124254 5359.6662375208 3069.3458062330 7701.5262195560 3435.5556460467 13424.3874961539 162.3060960851 23215.8126148374 18498.5166392553 16266.7887117186
24861.2242092159 26608.4091689515 23215.8126148374 6543.7010565808 10478.9180144606 10028.4028285440 2796.8567367841 7675.9749900267 95.4294272434 5738.3199456904 1159.2690570430 3996.5398150182 1323.2457735296 2964.4675994428 1105.4190435634 2765.2810445352 1476.7002623056 2328.0942289907 1881.5232288258 1618.6971278909 2000.6186905208 858.6846035765 1750.2084382957 298.2897072296 1129.1211140760 520.0691552803 1178.0094207627 589.4470186871 1689.8601308050 287.2474424088 1105.6772560844 440.4231957112 393.5045458110 440.4231957112 1105.6772560844 287.2474424088 1689.8601308050 589.4470186871 1178.0094207627 520.0691552803 1129.1211140760 298.2897072296 1750.2084382957 858.6846035765 2000.6186905208 1618.6971278909 1881.5232288258 2328.0942289907 1476.7002623056 2765.2810445352 1105.4190435634 2964.4675994428 1323.2457735296 3996.5398150182 1159.2690570430 5738.3199456904 95.4294272434 7675.9749900267 2796.8567367841 10028.4028285440 10478.9180144606 6543.7010565808 23215.8126148374 26608.4091689515
15107.1697313965 10981.8516228623 162.3060960851 10478.9180144606 11090.8694672508 911.9179114280 7679.0190400712 4717.2496701700 3448.6060399718 4436.7568612149 1428.8190828111 3525.2232437309 1095.9118157979 4259.2712571675 1391.6285355853 1745.1805672846 75.9118157979 2640.7657255330 1485.0088295728 1230.6213334376 898.6060399718 1353.2858641533 1400.7422016461 545.4348764833 898.6060399718 909.9677297366 1981.7074728883 1175.9794238514 466.2489168103 912.2446700445 971.0571792749 253.5461436211 1109.8549567821 253.5461436211 971.0571792749 912.2446700445 466.2489168103 1175.9794238514 1981.7074728883 909.9677297366 898.6060399718 545.4348764833 1400.7422016461 1353.2858641533 898.6060399718 1230.6213334376 1485.0088295728 2640.7657255330 75.9118157979 1745.1805672846 1391.6285355853 4259.2712571675 1095.9118157979 3525.2232437309 1428.8190828111 4436.7568612149 3448.6060399718 4717.2496701700 7679.0190400712 911.9179114280 11090.8694672508 10478.9180144606 162.3060960851 10981.8516228623
10499.0318345679 11892.3594400266 13424.3874961539 10028.4028285440 911.9179114280 7094.2641054479 6356.4848679742 1137.0001887445 5257.5882725041 1313.0069046739 3818.2363301322 2626.1276491360 2064.6542857167 2830.4050447081 474.6191389883 1903.6666999845 169.5488687534 1432.7822555177 128.5899860314 1312.2012171548 12.3423238253 1300.8019888084 330.0562769475 1257.7350285892 1064.5690137987 260.0445803379 751.2554593336 363.0854039467 319.3965716796 654.0134502490 336.3676095820 729.6343474625 1343.1479417016 729.6343474625 336.3676095820 654.0134502490 319.3965716796 363.0854039467 751.2554593336 260.0445803380 1064.5690137987 1257.7350285892 330.0562769475 1300.8019888084 12.3423238253 1312.2012171548 128.5899860314 1432.7822555177 169.5488687534 1903.6666999845 474.6191389883 2830.4050447081 2064.6542857167 2626.1276491360 3818.2363301322 1313.0069046739 5257.5882725041 1137.0001887445 6356.4848679742 7094.2641054479 911.9179114280 10028.4028285440 13424.3874961539 11892.3594400266
8255.4896707468 7203.2313820623 3435.5556460467 2796.8567367841 7679.0190400712 6356.4848679742 547.1779791817 5729.8179124770 3582.3943840331 2251.3328879708 3863.6896129694 240.9878484816 2126.0254444164 199.2575565722 2885.0288677741 1768.8897712452 604.9318847494 217.6103785632 1582.6293912896 1221.8227092841 655.3791828867 838.3637086095 661.7607427056 1161.0260884453 251.1103214771 13.2476566217 1011.2973684673 1623.2794216213 1076.1300094759 330.3227816007 98.3276420223 105.5150551111 100.4327208697 105.5150551111 98.3276420223 330.3227816007 1076.1300094759 1623.2794216213 1011.2973684673 13.2476566217 251.1103214771 1161.0260884453 661.7607427056 838.3637086095 655.3791828867 1221.8227092841 1582.6293912896 217.6103785632 604.9318847494 1768.8897712452 2885.0288677741 199.2575565722 2126.0254444164 240.9878484816 3863.6896129694 2251.3328879708 3582.3943840331 5729.8179124770 547.1779791817 6356.4848679742 7679.0190400712 2796.8567367841 3435.5556460467 7203.2313820623
6494.5609554358 6865.0995366243 7701.5262195560 7675.9749900267 4717.2496701700 1137.0001887445 5729.8179124770 4490.5545173017 1123.4346951787 4133.5844170129 1025.5782260052 3150.7384531109 2172.9386905668 2052.9051125110 2877.8030361877 465.2812419920 2260.4727600673 98.1897456755 1743.6814377734 277.9763082864 1414.2224124247 342.6498380378 1151.5869518313 132.8950427460 1581.1763694525 959.6399030541 972.6695673393 1434.0247715890 569.1309483141 147.4689351677 38.3905296647 673.0391142864 1213.7350059774 673.0391142864 38.3905296647 147.4689351677 569.1309483141 1434.0247715890 972.6695673393 959.6399030541 1581.1763694525 132.8950427460 1151.5869518313 342.6498380378 1414.2224124247 277.9763082864 1743.6814377734 98.1897456755 2260.4727600673 465.2812419920 2877.8030361877 2052.9051125110 2172.9386905668 3150.7384531109 1025.5782260052 4133.5844170129 1123.4346951787 4490.5545173017 5729.8179124770 1137.0001887445 4717.2496701700 7675.9749900267 7701.5262195560 6865.0995366243
5988.7467504308 5223.4943156174 3069.3458062330 95.4294272434 3448.6060399718 5257.5882725041 3582.3943840331 1123.4346951787 4669.9956672411 2966.0779291178 2219.4054121699 4422.8080416014 1095.9118157979 2472.0015621668 950.2431603926 2931.9028695456 3016.2489168103 349.5849151918 1470.2346510788 858.4689161615 1876.5860178227 307.5795339981 1599.6018027232 413.4286640664 2295.0000000000 1213.5861266095 297.2023262387 460.4579502089 1563.8917936488 689.8241556868 455.1720495367 178.6785276430 976.2489168103 178.6785276430 455.1720495367 689.8241556868 1563.8917936488 460.4579502089 297.2023262387 1213.5861266095 2295.0000000000 413.4286640664 1599.6018027232 307.5795339981 1876.5860178227 858.4689161615 1470.2346510788 349.5849151918 3016.2489168103 2931.9028695456 950.2431603926 2472.0015621668 1095.9118157979 4422.8080416014 2219.4054121699 2966.0779291178 4669.9956672411 1123.4346951787 3582.3943840331 5257.5882725041 3448.6060399718 95.4294272434 3069.3458062330 5223.4943156174
4026.8418569179 4447.9363709745 5359.6662375208 5738.3199456904 4436.7568612149 1313.0069046739 2251.3328879708 4133.5844170129 2966.0779291178 423.8255679950 2898.9719035335 1779.1692337542 1487.6060239114 2387.4031643119 467.4184510456 2812.4525478719 1013.3155619431 2042.7745553328 1515.2854007293 1401.9444983824 1638.7920037045 1030.8822101984 1898.8846333320 193.9661369177 1136.5903829745 590.1952635788 1187.0074472726 1101.3111991810 2450.9349480574 417.3265478303 1640.3286133960 817.9841240380 314.1817521497 817.9841240380 1640.3286133960 417.3265478303 2450.9349480574 1101.3111991810 1187.0074472726 590.1952635788 1136.5903829745 193.9661369177 1898.8846333320 1030.8822101984 1638.7920037045 1401.9444983824 1515.2854007293 2042.7745553328 1013.3155619431 2812.4525478719 467.4184510456 2387.4031643119 1487.6060239114 1779.1692337542 2898.9719035335 423.8255679950 2966.0779291178 4133.5844170129 2251.3328879708 1313.0069046739 4436.7568612149 5738.3199456904 5359.6662375208 4447.9363709745
4369.2508332791 3962.3788671968 2899.8632124254 1159.2690570430 1428.8190828111 3818.2363301322 3863.6896129694 1025.5782260052 2219.4054121699 2898.9719035335 715.6582669800 2007.7420852410 2781.4172512393 1098.1323944641 1005.3735819185 811.0514745841 1611.7367793788 2862.3274114344 875.1549401043 1569.2813296861 926.6323299487 1327.3756580000 1239.9515483430 650.6229666063 315.9101365604 2207.2825046879 2479.9659855761 320.7936346084 1558.2258574313 720.4085623643 2282.1329743310 385.2860609292 1314.3479213589 385.2860609292 2282.1329743310 720.4085623643 1558.2258574313 320.7936346084 2479.9659855761 2207.2825046879 315.9101365604 650.6229666063 1239.9515483430 1327.3756580000 926.6323299487 1569.2813296861 875.1549401043 2862.3274114344 1611.7367793788 811.0514745841 1005.3735819185 1098.1323944641 2781.4172512393 2007.7420852410 715.6582669800 2898.9719035335 2219.4054121699 1025.5782260052 3863.6896129694 3818.2363301322 1428.8190828111 1159.2690570430 2899.8632124254 3962.3788671968
2668.6988046673 3218.1810696398 3998.4853777104 3996.5398150182 3525.2232437309 2626.1276491360 240.9878484816 3150.7384531109 4422.8080416014 1779.1692337542 2007.7420852410 2859.9345215331 563.8666655537 1586.8324886018 1293.7075186979 588.8201239387 1760.4605967890 953.6337716933 875.8913033140 1434.8513136700 22.4392142709 1203.9972197446 24.6661576038 1873.9403457764 1109.6860907015 1394.9449706388 1752.8774403456 302.5799784416 862.6615365150 1114.1249861915 1677.7066072275 1021.1235553984 2975.2981489397 1021.1235553984 1677.7066072275 1114.1249861915 862.6615365150 302.5799784416 1752.8774403456 1394.9449706388 1109.6860907015 1873.9403457764 24.6661576038 1203.9972197446 22.4392142709 1434.8513136700 875.8913033140 953.6337716933 1760.4605967890 588.8201239387 1293.7075186979 1586.8324886018 563.8666655537 2859.9345215331 2007.7420852410 1779.1692337542 4422.8080416014 3150.7384531109 240.9878484816 2626.1276491360 3525.2232437309 3996.5398150182 3998.4853777104 3218.1810696398
2807.6497935226 3275.5488034773 3267.3746960344 1323.2457735296 1095.9118157979 2064.6542857167 2126.0254444164 2172.9386905668 1095.9118157979 1487.6060239114 2781.4172512393 563.8666655537 2670.5816314696 2897.8767735684 387.4133838775 1108.6521863546 33.8917936488 1736.4736958277 1792.5898235541 366.6592931267 976.2489168103 958.7439954617 446.1282901308 1753.4846411046 1454.0881842021 233.4953847501 125.2234723938 1103.3448236465 986.1082063512 533.6029856757 868.5884670989 1002.3388456564 2327.1607326082 1002.3388456564 868.5884670989 533.6029856757 986.1082063512 1103.3448236465 125.2234723938 233.4953847501 1454.0881842021 1753.4846411046 446.1282901308 958.7439954617 976.2489168103 366.6592931267 1792.5898235541 1736.4736958277 33.8917936488 1108.6521863546 387.4133838775 2897.8767735684 2670.5816314696 563.8666655537 2781.4172512393 1487.6060239114 1095.9118157979 2172.9386905668 2126.0254444164 2064.6542857167 1095.9118157979 1323.2457735296 3267.3746960344 3275.5488034773
3248.9897861890 2391.4709160752 1663.4039618061 2964.4675994428 4259.2712571675 2830.4050447081 199.2575565722 2052.9051125110 2472.0015621668 2387.4031643119 1098.1323944641 1586.8324886018 2897.8767735684 781.7646491096 2007.1060367932 1533.4740842643 1255.1470354244 2178.8696869041 308.9346722062 1334.3385754139 976.9302681057 83.8257561843 80.6037679572 379.6517459247 174.5754134560 264.3953526337 562.5493725652 752.1568716143 655.5145661208 90.3657882851 479.1666672779 567.8867917389 476.3513962682 567.8867917389 479.1666672779 90.3657882851 655.5145661208 752.1568716143 562.5493725652 264.3953526337 174.5754134560 379.6517459247 80.6037679572 83.8257561843 976.9302681057 1334.3385754139 308.9346722062 2178.8696869041 1255.1470354244 1533.4740842643 2007.1060367932 781.7646491096 2897.8767735684 1586.8324886018 1098.1323944641 2387.4031643119 2472.0015621668 2052.9051125110 199.2575565722 2830.4050447081 4259.2712571675 2964.4675994428 1663.4039618061 2391.4709160753
4173.5398874021 2863.1949445666 1040.0383798888 1105.4190435634 1391.6285355853 474.6191389883 2885.0288677741 2877.8030361877 950.2431603926 467.4184510456 1005.3735819185 1293.7075186979 387.4133838775 2007.1060367932 3129.2184880026 999.6989830476 1503.4275962472 642.8508729809 2013.0797768433 2035.3278461458 618.1415223112 1727.0975379333 246.2903672593 2138.3667166522 1565.0894069652 193.6142566682 200.6395476698 843.8373778078 443.7234629537 514.7780615207 308.8450857420 1124.0930380174 1976.6499028216 1124.0930380174 308.8450857420 514.7780615207 443.7234629537 843.8373778078 200.6395476698 193.6142566682 1565.0894069652 2138.3667166522 246.2903672593 1727.0975379333 618.1415223112 2035.3278461458 2013.0797768433 642.8508729809 1503.4275962472 999.6989830476 3129.2184880026 2007.1060367932 387.4133838775 1293.7075186979 1005.3735819185 467.4184510456 950.2431603926 2877.8030361877 2885.0288677741 474.6191389883 1391.6285355853 1105.4190435634 1040.0383798888 2863.1949445666
503.1379107119 1652.6834959217 3162.4895964843 2765.2810445352 1745.1805672846 1903.6666999845 1768.8897712452 465.2812419920 2931.9028695456 2812.4525478719 811.0514745841 588.8201239387 1108.6521863546 1533.4740842643 999.6989830476 909.9151688690 1695.3778066135 441.7050939070 2596.3072584077 1089.5300573628 2312.2487426211 2777.2400699917 51.0153844589 1781.1573314447 415.4914742737 1017.4162230037 43.0742760382 1709.2777313031 1149.3416123821 877.2420038470 1479.6306446015 104.4621060942 880.1755472511 104.4621060942 1479.6306446015 877.2420038470 1149.3416123821 1709.2777313031 43.0742760382 1017.4162230037 415.4914742737 1781.1573314447 51.0153844589 2777.2400699917 2312.2487426211 1089.5300573628 2596.3072584077 441.7050939070 1695.3778066135 909.9151688690 999.6989830476 1533.4740842643 1108.6521863546 588.8201239387 811.0514745841 2812.4525478719 2931.9028695456 465.2812419920 1768.8897712452 1903.6666999845 1745.1805672846 2765.2810445352 3162.4895964843 1652.6834959217
1785.0000000000 2349.5646860988 2692.8292200287 1476.7002623056 75.9118157979 169.5488687534 604.9318847494 2260.4727600673 3016.2489168103 1013.3155619431 1611.7367793788 1760.4605967890 33.8917936488 1255.1470354244 1503.4275962472 1695.3778066135 1275.0000000000 316.0126326408 1232.7533942224 168.4502943379 1918.6060399718 1212.5791855904 782.9774669442 665.5619207424 1573.7510831897 2519.6598807003 769.7823615737 1148.2053354737 856.5860178227 734.6451432210 1402.1550180040 767.3088973989 255.0000000000 767.3088973989 1402.1550180040 734.6451432210 856.5860178227 1148.2053354737 769.7823615737 2519.6598807003 1573.7510831897 665.5619207424 782.9774669442 1212.5791855904 1918.6060399718 168.4502943379 1232.7533942224 316.0126326408 1275.0000000000 1695.3778066135 1503.4275962472 1255.1470354244 33.8917936488 1760.4605967890 1611.7367793788 1013.3155619431 3016.2489168103 2260.4727600673 604.9318847494 169.5488687534 75.9118157979 1476.7002623056 2692.8292200287 2349.5646860988
1457.7840367505 1239.7585630561 1375.4536051780 2328.0942289907 2640.7657255330 1432.7822555177 217.6103785632 98.1897456755 349.5849151918 2042.7745553328 2862.3274114344 953.6337716933 1736.4736958277 2178.8696869041 642.8508729809 441.7050939070 316.0126326408 81.0462344748 380.1784130253 569.9039557058 54.3552053071 1455.8657268187 1844.2537902129 234.1203364894 1534.9831553938 1416.1443018511 177.5656962716 272.9174671459 57.0268425436 23.4451893354 318.1295395727 269.3207605261 98.4809194692 269.3207605261 318.1295395727 23.4451893354 57.0268425436 272.9174671459 177.5656962716 1416.1443018511 1534.9831553938 234.1203364894 1844.2537902129 1455.8657268187 54.3552053071 569.9039557058 380.1784130253 81.0462344748 316.0126326408 441.7050939070 642.8508729809 2178.8696869041 1736.4736958277 953.6337716933 2862.3274114344 2042.7745553328 349.5849151918 98.1897456755 217.6103785632 1432.7822555177 2640.7657255330 2328.0942289907 1375.4536051780 1239.7585630561
2209.8869060669 1908.0645385719 1657.5958888628 1881.5232288258 1485.0088295728 128.5899860314 1582.6293912896 1743.6814377734 1470.2346510788 1515.2854007293 875.1549401043 875.8913033140 1792.5898235541 308.9346722062 2013.0797768433 2596.3072584077 1232.7533942224 380.1784130253 1018.6614375232 429.6074329501 984.6761927985 1864.6468664615 1022.7788449839 391.7743924028 80.5715511955 1530.0845429429 1563.6285195331 394.6395568493 1252.4745461435 365.9086447236 1738.9858536319 906.1094010755 24.1520692010 906.1094010755 1738.9858536319 365.9086447236 1252.4745461435 394.6395568493 1563.6285195331 1530.0845429429 80.5715511955 391.7743924028 1022.7788449839 1864.6468664615 984.6761927985 429.6074329501 1018.6614375232 380.1784130253 1232.7533942224 2596.3072584077 2013.0797768433 308.9346722062 1792.5898235541 875.8913033140 875.1549401043 1515.2854007293 1470.2346510788 1743.6814377734 1582.6293912896 128.5899860314 1485.0088295728 1881.5232288258 1657.5958888628 1908.0645385719
591.8081953613 1095.8196161312 1761.0550678894 1618.6971278909 1230.6213334376 1312.2012171548 1221.8227092841 277.9763082864 858.4689161615 1401.9444983824 1569.2813296861 1434.8513136700 366.6592931267 1334.3385754139 2035.3278461458 1089.5300573628 168.4502943379 569.9039557058 429.6074329501 186.6043557359 166.1200290395 9.0814752330 1183.3730982462 1704.5519830130 250.7340504642 2751.8015973555 2051.4186711848 1178.4534836472 2188.9756074805 232.9642241916 1705.6046807733 202.0034296100 1855.7165702409 202.0034296100 1705.6046807732 232.9642241916 2188.9756074805 1178.4534836472 2051.4186711848 2751.8015973555 250.7340504642 1704.5519830130 1183.3730982462 9.0814752330 166.1200290395 186.6043557359 429.6074329501 569.9039557058 168.4502943379 1089.5300573628 2035.3278461458 1334.3385754139 366.6592931267 1434.8513136700 1569.2813296861 1401.9444983824 858.4689161615 277.9763082864 1221.8227092841 1312.2012171548 1230.6213334376 1618.6971278909 1761.0550678894 1095.8196161312
1112.3588719952 1660.6613852433 2368.2071266552 2000.6186905208 898.6060399718 12.3423238253 655.3791828867 1414.2224124247 1876.5860178227 1638.7920037045 926.6323299487 22.4392142709 976.2489168103 976.9302681057 618.1415223112 2312.2487426211 1918.6060399718 54.3552053071 984.6761927985 166.1200290395 651.9248676687 800.4089303724 1324.6165868616 1837.0146832684 673.4139821773 1204.6406510499 782.5880553987 1556.6766347163 1876.5860178227 541.7194606818 1429.2982471558 1160.4638209369 3107.8349346329 1160.4638209369 1429.2982471558 541.7194606818 1876.5860178227 1556.6766347163 782.5880553987 1204.6406510499 673.4139821773 1837.0146832684 1324.6165868616 800.4089303724 651.9248676687 166.1200290395 984.6761927985 54.3552053071 1918.6060399718 2312.2487426211 618.1415223112 976.9302681057 976.2489168103 22.4392142709 926.6323299487 1638.7920037045 1876.5860178227 1414.2224124247 655.3791828867 12.3423238253 898.6060399718 2000.6186905208 2368.2071266552 1660.6613852433
1462.2370524049 1074.9616382872 605.6507231463 858.6846035765 1353.2858641533 1300.8019888084 838.3637086095 342.6498380378 307.5795339981 1030.8822101984 1327.3756580000 1203.9972197446 958.7439954617 83.8257561843 1727.0975379333 2777.2400699917 1212.5791855904 1455.8657268187 1864.6468664615 9.0814752330 800.4089303724 596.7161033759 1411.1573140401 106.8188674708 1129.7152530111 689.1833842754 173.5033237308 664.5693134817 439.5274689275 1163.9636186856 1598.7065102071 370.3550802090 1804.8344918279 370.3550802090 1598.7065102071 1163.9636186856 439.5274689275 664.5693134817 173.5033237308 689.1833842754 1129.7152530111 106.8188674708 1411.1573140401 596.7161033759 800.4089303724 9.0814752330 1864.6468664615 1455.8657268187 1212.5791855904 2777.2400699917 1727.0975379333 83.8257561843 958.7439954617 1203.9972197446 1327.3756580000 1030.8822101984 307.5795339981 342.6498380378 838.3637086095 1300.8019888084 1353.2858641533 858.6846035765 605.6507231463 1074.9616382872
1752.2948750659 1636.9607171970 1602.9040796699 1750.2084382957 1400.7422016461 330.0562769475 661.7607427056 1151.5869518313 1599.6018027232 1898.8846333320 1239.9515483430 24.6661576038 446.1282901308 80.6037679572 246.2903672593 51.0153844589 782.9774669442 1844.2537902129 1022.7788449839 1183.3730982462 1324.6165868616 1411.1573140401 3256.3417580289 1621.8107872092 929.2819212341 1064.7713362301 382.0771596105 835.6127357313 363.4121238689 472.2103017897 913.7036587387 702.9003579576 381.8500877383 702.9003579576 913.7036587387 472.2103017897 363.4121238689 835.6127357313 382.0771596105 1064.7713362301 929.2819212341 1621.8107872092 3256.3417580289 1411.1573140401 1324.6165868616 1183.3730982462 1022.7788449839 1844.2537902129 782.9774669442 51.0153844589 246.2903672593 80.6037679572 446.1282901308 24.6661576038 1239.9515483430 1898.8846333320 1599.6018027232 1151.5869518313 661.7607427056 330.0562769475 1400.7422016461 1750.2084382957 1602.9040796699 1636.9607171970
1064.7198552831 1022.1422843362 708.0131832745 298.2897072296 545.4348764833 1257.7350285892 1161.0260884453 132.8950427460 413.4286640664 193.9661369177 650.6229666063 1873.9403457764 1753.4846411046 379.6517459247 2138.3667166522 1781.1573314447 665.5619207424 234.1203364894 391.7743924028 1704.5519830130 1837.0146832684 106.8188674708 1621.8107872092 588.9936477439 1057.6181113820 509.4626433941 1286.3907729374 1403.2188284960 325.0809178446 1465.7339868538 828.3620466912 472.3285611213 1056.2368712343 472.3285611213 828.3620466912 1465.7339868538 325.0809178446 1403.2188284960 1286.3907729374 509.4626433941 1057.6181113820 588.9936477439 1621.8107872092 106.8188674708 1837.0146832684 1704.5519830130 391.7743924028 234.1203364894 665.5619207424 1781.1573314447 2138.3667166522 379.6517459247 1753.4846411046 1873.9403457764 650.6229666063 193.9661369177 413.4286640664 132.8950427460 1161.0260884453 1257.7350285892 545.4348764833 298.2897072296 708.0131832745 1022.1422843362
1661.2532495692 1803.2898863772 1712.7133118447 1129.1211140760 898.6060399718 1064.5690137987 251.1103214771 1581.1763694525 2295.0000000000 1136.5903829745 315.9101365604 1109.6860907015 1454.0881842021 174.5754134560 1565.0894069652 415.4914742737 1573.7510831897 1534.9831553938 80.5715511955 250.7340504642 673.4139821773 1129.7152530111 929.2819212341 1057.6181113820 1099.9956672411 50.1973911669 1169.0860690762 752.3344962934 986.1082063512 1976.9284116169 1332.2355003733 93.2202830401 466.2489168103 93.2202830401 1332.2355003733 1976.9284116169 986.1082063512 752.3344962934 1169.0860690762 50.1973911669 1099.9956672411 1057.6181113820 929.2819212341 1129.7152530111 673.4139821773 250.7340504642 80.5715511955 1534.9831553938 1573.7510831897 415.4914742737 1565.0894069652 174.5754134560 1454.0881842021 1109.6860907015 315.9101365604 1136.5903829745 2295.0000000000 1581.1763694525 251.1103214771 1064.5690137987 898.6060399718 1129.1211140760 1712.7133118447 1803.2898863772
1319.5805830218 708.1534467849 58.3944243488 520.0691552803 909.9677297366 260.0445803379 13.2476566217 959.6399030541 1213.5861266095 590.1952635788 2207.2825046879 1394.9449706388 233.4953847501 264.3953526337 193.6142566682 1017.4162230037 2519.6598807003 1416.1443018511 1530.0845429429 2751.8015973555 1204.6406510499 689.1833842754 1064.7713362301 509.4626433941 50.1973911669 166.7532131489 122.7688769104 208.3031851921 322.9363561648 96.2721905863 406.2442512661 92.9975975357 209.8623237849 92.9975975357 406.2442512661 96.2721905863 322.9363561648 208.3031851921 122.7688769104 166.7532131489 50.1973911669 509.4626433941 1064.7713362301 689.1833842754 1204.6406510499 2751.8015973555 1530.0845429429 1416.1443018511 2519.6598807003 1017.4162230037 193.6142566682 264.3953526337 233.4953847501 1394.9449706388 2207.2825046879 590.1952635788 1213.5861266095 959.6399030541 13.2476566217 260.0445803379 909.9677297366 520.0691552803 58.3944243488 708.1534467849
2817.9862847026 1772.9046283890 538.2307387082 1178.0094207627 1981.7074728883 751.2554593336 1011.2973684673 972.6695673393 297.2023262387 1187.0074472726 2479.9659855761 1752.8774403456 125.2234723938 562.5493725652 200.6395476698 43.0742760382 769.7823615737 177.5656962716 1563.6285195331 2051.4186711848 782.5880553987 173.5033237308 382.0771596105 1286.3907729374 1169.0860690762 122.7688769104 870.9903472111 839.7301900532 513.2952757387 2036.2549528817 1891.6125050625 83.0560861961 1032.9305544903 83.0560861961 1891.6125050625 2036.2549528817 513.2952757387 839.7301900532 870.9903472111 122.7688769104 1169.0860690762 1286.3907729374 382.0771596105 173.5033237308 782.5880553987 2051.4186711848 1563.6285195331 177.5656962716 769.7823615737 43.0742760382 200.6395476698 562.5493725652 125.2234723938 1752.8774403456 2479.9659855761 1187.0074472726 297.2023262387 972.6695673393 1011.2973684673 751.2554593336 1981.7074728883 1178.0094207627 538.2307387082 1772.9046283890
798.0873199546 448.8649234062 1811.7265872363 589.4470186871 1175.9794238514 363.0854039467 1623.2794216213 1434.0247715890 460.4579502089 1101.3111991810 320.7936346084 302.5799784416 1103.3448236465 752.1568716143 843.8373778078 1709.2777313031 1148.2053354737 272.9174671459 394.6395568493 1178.4534836472 1556.6766347163 664.5693134817 835.6127357313 1403.2188284960 752.3344962934 208.3031851921 839.7301900532 840.6675483394 71.4068508748 1222.7878134400 1031.7006579044 647.4247726428 1690.9015829023 647.4247726428 1031.7006579044 1222.7878134400 71.4068508748 840.6675483394 839.7301900532 208.3031851921 752.3344962934 1403.2188284960 835.6127357313 664.5693134817 1556.6766347163 1178.4534836472 394.6395568493 272.9174671459 1148.2053354737 1709.2777313031 843.8373778078 752.1568716143 1103.3448236465 302.5799784416 320.7936346084 1101.3111991810 460.4579502089 1434.0247715890 1623.2794216213 363.0854039467 1175.9794238514 589.4470186871 1811.7265872363 448.8649234062
352.8216030857 1608.6367195336 2993.1445179165 1689.8601308050 466.2489168103 319.3965716796 1076.1300094759 569.1309483141 1563.8917936488 2450.9349480574 1558.2258574313 862.6615365150 986.1082063512 655.5145661208 443.7234629537 1149.3416123821 856.5860178227 57.0268425436 1252.4745461435 2188.9756074805 1876.5860178227 439.5274689275 363.4121238689 325.0809178447 986.1082063512 322.9363561648 513.2952757387 71.4068508748 886.6240336109 969.4100015020 539.0049863790 576.9114450738 774.8592895410 576.9114450738 539.0049863790 969.4100015020 886.6240336109 71.4068508748 513.2952757387 322.9363561648 986.1082063512 325.0809178446 363.4121238689 439.5274689275 1876.5860178227 2188.9756074805 1252.4745461435 57.0268425436 856.5860178227 1149.3416123821 443.7234629537 655.5145661208 986.1082063512 862.6615365150 1558.2258574313 2450.9349480574 1563.8917936488 569.1309483141 1076.1300094759 319.3965716796 466.2489168103 1689.8601308050 2993.1445179165 1608.6367195336
1538.5022006179 503.4283537654 821.2576662839 287.2474424088 912.2446700445 654.0134502490 330.3227816007 147.4689351677 689.8241556868 417.3265478303 720.4085623643 1114.1249861915 533.6029856757 90.3657882851 514.7780615207 877.2420038470 734.6451432210 23.4451893354 365.9086447236 232.9642241916 541.7194606818 1163.9636186856 472.2103017897 1465.7339868538 1976.9284116169 96.2721905863 2036.2549528817 1222.7878134400 969.4100015020 1620.6702216894 454.1902627014 782.1855020274 1188.7512428890 782.1855020274 454.1902627014 1620.6702216894 969.4100015020 1222.7878134400 2036.2549528817 96.2721905863 1976.9284116169 1465.7339868538 472.2103017897 1163.9636186856 541.7194606818 232.9642241916 365.9086447236 23.4451893354 734.6451432210 877.2420038470 514.7780615207 90.3657882851 533.6029856757 1114.1249861915 720.4085623643 417.3265478303 689.8241556868 147.4689351677 330.3227816007 654.0134502490 912.2446700445 287.2474424088 821.2576662839 503.4283537654
2272.4532047873 1831.6301652716 1204.3286936536 1105.6772560844 971.0571792749 336.3676095820 98.3276420223 38.3905296647 455.1720495367 1640.3286133960 2282.1329743310 1677.7066072275 868.5884670989 479.1666672779 308.8450857420 1479.6306446015 1402.1550180040 318.1295395727 1738.9858536319 1705.6046807733 1429.2982471558 1598.7065102071 913.7036587387 828.3620466912 1332.2355003733 406.2442512661 1891.6125050625 1031.7006579044 539.0049863790 454.1902627014 708.4111456092 1219.8799276424 1175.2410452667 1219.8799276424 708.4111456092 454.1902627014 539.0049863790 1031.7006579044 1891.6125050625 406.2442512661 1332.2355003733 828.3620466912 913.7036587387 1598.7065102071 1429.2982471558 1705.6046807733 1738.9858536319 318.1295395727 1402.1550180040 1479.6306446015 308.8450857420 479.1666672779 868.5884670989 1677.7066072275 2282.1329743310 1640.3286133960 455.1720495367 38.3905296647 98.3276420223 336.3676095820 971.0571792749 1105.6772560844 1204.3286936536 1831.6301652716
630.3633268176 289.4031124443 346.6211533995 440.4231957112 253.5461436211 729.6343474625 105.5150551111 673.0391142864 178.6785276430 817.9841240380 385.2860609292 1021.1235553984 1002.3388456564 567.8867917389 1124.0930380174 104.4621060942 767.3088973989 269.3207605261 906.1094010755 202.0034296100 1160.4638209369 370.3550802090 702.9003579576 472.3285611213 93.2202830401 92.9975975357 83.0560861961 647.4247726428 576.9114450738 782.1855020274 1219.8799276424 362.4719958829 1539.1744275022 362.4719958829 1219.8799276424 782.1855020274 576.9114450738 647.4247726428 83.0560861961 92.9975975357 93.2202830401 472.3285611213 702.9003579576 370.3550802090 1160.4638209369 202.0034296100 906.1094010755 269.3207605261 767.3088973989 104.4621060942 1124.0930380174 567.8867917389 1002.3388456564 1021.1235553984 385.2860609292 817.9841240380 178.6785276430 673.0391142864 105.5150551111 729.6343474625 253.5461436211 440.4231957112 346.6211533995 289.4031124443
2805.0000000000 2087.0558387008 777.2567883538 393.5045458110 1109.8549567821 1343.1479417016 100.4327208697 1213.7350059774 976.2489168103 314.1817521497 1314.3479213589 2975.2981489397 2327.1607326082 476.3513962682 1976.6499028216 880.1755472511 255.0000000000 98.4809194692 24.1520692010 1855.7165702409 3107.8349346329 1804.8344918279 381.8500877383 1056.2368712343 466.2489168103 209.8623237849 1032.9305544903 1690.9015829023 774.8592895410 1188.7512428890 1175.2410452667 1539.1744275022 3315.0000000000 1539.1744275022 1175.2410452667 1188.7512428890 774.8592895410 1690.9015829023 1032.9305544903 209.8623237849 466.2489168103 1056.2368712343 381.8500877383 1804.8344918279 3107.8349346329 1855.7165702409 24.1520692010 98.4809194692 255.0000000000 880.1755472511 1976.6499028216 476.3513962682 2327.1607326082 2975.2981489397 1314.3479213589 314.1817521497 976.2489168103 1213.7350059774 100.4327208697 1343.1479417016 1109.8549567821 393.5045458110 777.2567883538 2087.0558387008
630.3633268176 289.4031124443 346.6211533995 440.4231957112 253.5461436211 729.6343474625 105.5150551111 673.0391142864 178.6785276430 817.9841240380 385.2860609292 1021.1235553984 1002.3388456564 567.8867917389 1124.0930380174 104.4621060942 767.3088973989 269.3207605261 906.1094010755 202.0034296100 1160.4638209369 370.3550802090 702.9003579576 472.3285611213 93.2202830401 92.9975975357 83.0560861961 647.4247726428 576.9114450738 782.1855020274 1219.8799276424 362.4719958829 1539.1744275022 362.4719958829 1219.8799276424 782.1855020274 576.9114450738 647.4247726428 83.0560861961 92.9975975357 93.2202830401 472.3285611213 702.9003579576 370.3550802090 1160.4638209369 202.0034296100 906.1094010755 269.3207605261 767.3088973989 104.4621060942 1124.0930380174 567.8867917389 1002.3388456564 1021.1235553984 385.2860609292 817.9841240380 178.6785276430 673.0391142864 105.5150551111 729.6343474625 253.5461436211 440.4231957112 346.6211533995 289.4031124443
2272.4532047873 1831.6301652716 1204.3286936536 1105.6772560844 971.0571792749 336.3676095820 98.3276420223 38.3905296647 455.1720495367 1640.3286133960 2282.1329743310 1677.7066072275 868.5884670989 479.1666672779 308.8450857420 1479.6306446015 1402.1550180040 318.1295395727 1738.9858536319 1705.6046807733 1429.2982471558 1598.7065102071 913.7036587387 828.3620466912 1332.2355003733 406.2442512661 1891.6125050625 1031.7006579044 539.0049863790 454.1902627014 708.4111456092 1219.8799276424 1175.2410452667 1219.8799276424 708.4111456092 454.1902627014 539.0049863790 1031.7006579044 1891.6125050625 406.2442512661 1332.2355003733 828.3620466912 913.7036587387 1598.7065102071 1429.2982471558 1705.6046807733 1738.9858536319 318.1295395727 1402.1550180040 1479.6306446015 308.8450857420 479.1666672779 868.5884670989 1677.7066072275 2282.1329743310 1640.3286133960 455.1720495367 38.3905296647 98.3276420223 336.3676095820 971.0571792749 1105.6772560844 1204.3286936536 1831.6301652716
1538.5022006179 503.4283537654 821.2576662838 287.2474424088 912.2446700445 654.0134502490 330.3227816007 147.4689351677 689.8241556868 417.3265478303 720.4085623643 1114.1249861915 533.6029856757 90.3657882851 514.7780615207 877.2420038470 734.6451432210 23.4451893354 365.9086447236 232.9642241916 541.7194606818 1163.9636186856 472.2103017897 1465.7339868538 1976.9284116169 96.2721905863 2036.2549528817 1222.7878134400 969.4100015020 1620.6702216894 454.1902627014 782.1855020274 1188.7512428890 782.1855020274 454.1902627014 1620.6702216894 969.4100015020 1222.7878134400 2036.2549528817 96.2721905863 1976.9284116169 1465.7339868538 472.2103017897 1163.9636186856 541.7194606818 232.9642241916 365.9086447236 23.4451893354 734.6451432210 877.2420038470 514.7780615207 90.3657882851 533.6029856757 1114.1249861915 720.4085623643 417.3265478303 689.8241556868 147.4689351677 330.3227816007 654.0134502490 912.2446700445 287.2474424088 821.2576662838 503.4283537654
352.8216030857 1608.6367195336 2993.1445179165 1689.8601308050 466.2489168103 319.3965716796 1076.1300094759 569.1309483141 1563.8917936488 2450.9349480574 1558.2258574313 862.6615365150 986.1082063512 655.5145661208 443.7234629537 1149.3416123821 856.5860178227 57.0268425436 1252.4745461435 2188.9756074805 1876.5860178227 439.5274689275 363.4121238689 325.0809178447 986.1082063512 322.9363561648 513.2952757387 71.4068508748 886.6240336109 969.4100015020 539.0049863790 576.9114450738 774.8592895410 576.9114450738 539.0049863790 969.4100015020 886.6240336109 71.4068508748 513.2952757387 322.9363561648 986.1082063512 325.0809178446 363.4121238689 439.5274689275 1876.5860178227 2188.9756074805 1252.4745461435 57.0268425436 856.5860178227 1149.3416123821 443.7234629537 655.5145661208 986.1082063512 862.6615365150 1558.2258574313 2450.9349480574 1563.8917936488 569.1309483141 1076.1300094759 319.3965716796 466.2489168103 1689.8601308050 2993.1445179165 1608.6367195336
798.0873199546 448.8649234062 1811.7265872363 589.4470186871 1175.9794238514 363.0854039467 1623.2794216213 1434.0247715890 460.4579502089 1101.3111991810 320.7936346084 302.5799784416 1103.3448236465 752.1568716143 843.8373778078 1709.2777313031 1148.2053354737 272.9174671459 394.6395568493 1178.4534836472 1556.6766347163 664.5693134817 835.6127357313 1403.2188284960 752.3344962934 208.3031851921 839.7301900532 840.6675483394 71.4068508748 1222.7878134400 1031.7006579044 647.4247726428 1690.9015829023 647.4247726428 1031.7006579044 1222.7878134400 71.4068508748 840.6675483394 839.7301900532 208.3031851921 752.3344962934 1403.2188284960 835.6127357313 664.5693134817 1556.6766347163 1178.4534836472 394.6395568493 272.9174671459 1148.2053354737 1709.2777313031 843.8373778078 752.1568716143 1103.3448236465 302.5799784416 320.7936346084 1101.3111991810 460.4579502089 1434.0247715890 1623.2794216213 363.0854039467 1175.9794238514 589.4470186871 1811.7265872363 448.8649234062
2817.9862847026 1772.9046283890 538.2307387082 1178.0094207627 1981.7074728883 751.2554593336 1011.2973684673 972.6695673393 297.2023262387 1187.0074472726 2479.9659855761 1752.8774403456 125.2234723938 562.5493725652 200.6395476698 43.0742760382 769.7823615737 177.5656962716 1563.6285195331 2051.4186711848 782.5880553987 173.5033237308 382.0771596105 1286.3907729374 1169.0860690762 122.7688769104 870.9903472111 839.7301900532 513.2952757387 2036.2549528817 1891.6125050625 83.0560861961 1032.9305544903 83.0560861961 1891.6125050625 2036.2549528817 513.2952757387 839.7301900532 870.9903472111 122.7688769104 1169.0860690762 1286.3907729374 382.0771596105 173.5033237308 782.5880553987 2051.4186711848 1563.6285195331 177.5656962716 769.7823615737 43.0742760382 200.6395476698 562.5493725652 125.2234723938 1752.8774403456 2479.9659855761 1187.0074472726 297.2023262387 972.6695673393 1011.2973684673 751.2554593336 1981.7074728883 1178.0094207627 538.2307387082 1772.9046283890
1319.5805830218 708.1534467849 58.3944243488 520.0691552803 909.9677297366 260.0445803380 13.2476566217 959.6399030541 1213.5861266095 590.1952635788 2207.2825046879 1394.9449706388 233.4953847501 264.3953526337 193.6142566682 1017.4162230037 2519.6598807003 1416.1443018511 1530.0845429429 2751.8015973555 1204.6406510499 689.1833842754 1064.7713362301 509.4626433941 50.1973911669 166.7532131489 122.7688769104 208.3031851921 322.9363561648 96.2721905863 406.2442512661 92.9975975357 209.8623237849 92.9975975357 406.2442512661 96.2721905863 322.9363561648 208.3031851921 122.7688769104 166.7532131489 50.1973911669 509.4626433941 1064.7713362301 689.1833842754 1204.6406510499 2751.8015973555 1530.0845429429 1416.1443018511 2519.6598807003 1017.4162230037 193.6142566682 264.3953526337 233.4953847501 1394.9449706388 2207.2825046879 590.1952635788 1213.5861266095 959.6399030541 13.2476566217 260.0445803380 909.9677297366 520.0691552803 58.3944243488 708.1534467849
